2048 32          // texture dimensions
0 32             // uv.v top | uv.v bottom

0 4
10 20
24 44
49 64
68  97
99 121
122 126
130 140
144 153
158 173
178 197
202 209
213 223
228 233
235 249
250 268
273 285
290 305
309 324
327 344
347 362
366 382
385 401
403 420
422 439
445 449
457 464
471 489
496 514
521 539
545 558
561 587
589 609
612 630
632 651
654 674
676 694
695 711
712 735
736 754
759 768
770 781
787 804
807 822
823 846
848 868
869 892
894 911
912 934
936 956
957 976
976 996
996 1016
1017 1037
1039 1067
1068 1088
1089 1107
1108 1127
1131 1140
1143 1156
1158 1167
1172 1192
1194 1215
1219 1225
1234 1249
1253 1269
1270 1286
1286 1303
1304 1322
1323 1336
1337 1354
1355 1372
1374 1380
1380 1391
1393 1408
1410 1416
1419 1445
1447 1464
1466 1482
1484 1501
1502 1519
1521 1534
1534 1549
1550 1564
1565 1582
1583 1601
1601 1626
1626 1644
1644 1662
1662 1678
1679 1696
1701 1707
1712 1729
1731 1752
1753 1765
1753 1781
1753 1773