1024 32          // texture dimensions
8 25             // uv.v top | uv.v bottom

0 3 
6 12 
14 26 
28 37 
39 55 
57 69 
69 72 
74 80 
82 88 
90 99 
101 113 
115 119 
121 127 
130 133 
133 142 
142 153 
155 162 
165 174 
176 185
186 196
198 207 
209 218 
220 229 
231 240 
241 251 
254 257 
261 266 
270 280 
284 294 
298 308 
311 319 
320 335 
336 348 
349 359 
360 372 
373 385 
386 395 
397 406 
406 418 
420 431 
433 439 
439 446 
448 459 
460 469 
470 482 
483 494 
495 508 
509 518 
518 531 
532 543 
544 554 
555 565 
566 576 
577 589 
589 606 
606 618 
618 629 
629 639 
641 647 
648 656 
657 662 
665 677 
677 689 
691 696 
699 708 
709 718 
719 728 
729 739 
740 750 
751 758 
759 769 
770 779 
780 783 
784 790 
792 801 
802 805 
806 821 
823 832 
833 843 
844 853 
854 864 
865 872 
873 882 
883 890 
891 900 
901 911 
912 926 
927 938 
939 948 
949 958 
959 968 
969 971 
972 981 
982 994 
997 1002
997 1017
1002 1011